-2
0.060000000000000
1286008.230452716583386
1
0.140000000000000
18593.443208187276468
1
0.220000000000000
1940.379134559869271
1
0.300000000000000
411.522633744851930
1
0.380000000000000
126.206585439396122
1
0.460000000000000
48.552415556103576
1
0.540000000000000
21.778662301007834
1
0.620000000000000
10.915447634703012
1
0.700000000000000
5.949901157046686
1
0.780000000000000
3.463584500882658
1
0.860000000000000
2.125584285000850
1
0.940000000000000
1.360315747630140
1
1.020000000000000
0.870257208003626
1
1.100000000000000
0.310460661529581
1
1.180000000000000
0.017119698394793
1
1.260000000000000
0.000522325927245
1
1.340000000000000
0.000015675433815
1
1.420000000000000
0.000000478175929
1
1.500000000000000
0.000000014819445
1
1.580000000000000
0.000000000465865
1
1.660000000000000
0.000000000014834
1
1.740000000000000
0.000000000000478
1
1.820000000000000
0.000000000000016
1
1.900000000000000
0.000000000000001
1
1.980000000000000
0.000000000000000
1
2.060000000000000
0.000000000000000
1
2.140000000000000
0.000000000000000
1
2.220000000000000
0.000000000000000
1
2.300000000000000
0.000000000000000
1
2.380000000000000
0.000000000000000
1
2.460000000000000
0.000000000000000
1
2.540000000000000
0.000000000000000
1
2.620000000000000
0.000000000000000
1
2.700000000000000
0.000000000000000
1
2.780000000000000
0.000000000000000
1
2.860000000000000
0.000000000000000
1
2.940000000000000
0.000000000000000
1
3.020000000000000
0.000000000000000
1
3.100000000000000
0.000000000000000
1
3.180000000000000
0.000000000000000
1
3.260000000000000
0.000000000000000
1
3.340000000000000
0.000000000000000
1
3.420000000000000
0.000000000000000
1
3.500000000000000
0.000000000000000
1
3.580000000000000
0.000000000000000
1
3.660000000000000
0.000000000000000
1
3.740000000000000
0.000000000000000
1
3.820000000000000
0.000000000000000
1
3.900000000000000
0.000000000000000
1
3.980000000000000
0.000000000000000
1
4.060000000000000
0.000000000000000
1
4.140000000000001
0.000000000000000
1
4.220000000000001
0.000000000000000
1
4.300000000000000
0.000000000000000
1
4.380000000000000
0.000000000000000
1
4.460000000000000
0.000000000000000
1
4.540000000000000
0.000000000000000
1
4.620000000000000
0.000000000000000
1
4.700000000000000
0.000000000000000
1
4.780000000000000
0.000000000000000
1
4.860000000000000
0.000000000000000
1
4.940000000000000
0.000000000000000
1
5.020000000000000
0.000000000000000
1
5.100000000000000
0.000000000000000
1
5.180000000000000
0.000000000000000
1
5.260000000000000
0.000000000000000
1
5.340000000000000
0.000000000000000
1
5.420000000000000
0.000000000000000
1
5.500000000000000
0.000000000000000
0
5.580000000000000
0.000000000000000
0
5.660000000000000
