-1
0.29
108.66049
1
0.305
80.856011
1
0.32
61.008151
1
0.335
46.618214
1
0.35
36.036536
1
0.365
28.153737
1
0.38
22.211092
1
0.395
17.681599
1
0.41
14.193956
1
0.425
11.483091
1
0.44
9.3574383
1
0.455
7.676978
1
0.47
6.3382742
1
0.485
5.2641575
1
0.5
4.3965189
1
0.515
3.6912196
1
0.53
3.1144572
1
0.545
2.640145
1
0.56
2.2480039
1
0.575
1.9221606
1
0.59
1.6501097
1
0.605
1.4219376
1
0.62
1.2297397
1
0.635
1.0671777
1
0.65
0.9291425
1
0.665
0.81149476
1
0.68
0.71086475
1
0.695
0.62449657
1
0.71
0.55012639
1
0.725
0.48588677
1
0.74
0.43023107
1
0.755
0.38187336
1
0.77
0.33974063
1
0.785
0.30293439
1
0.8
0.27069997
1
0.815
0.24240167
1
0.83
0.2175029
1
0.845
0.19555025
1
0.86
0.17616103
1
0.875
0.15901398
1
0.89
0.14384308
1
0.905
0.13043513
1
0.92
0.11863193
1
0.935
0.10833921
1
0.95
0.099545223
1
0.965
0.092353271
1
0.98
0.087031002
1
0.995
0.08407087
1
1.01
0.084222835
1
1.025
0.088371513
1
1.04
0.096965982
1
1.055
0.10865168
1
1.07
0.11855678
1
1.085
0.11893011
1
1.1
0.10484776
1
1.115
0.079977432
1
1.13
0.053557069
1
1.145
0.032478802
1
1.16
0.018424477
1
1.175
0.010029673
1
1.19
0.005330265
1
1.205
0.0027950432
1
1.22
0.0014551324
1
1.235
0.00075478367
1
1.25
0.00039084367
1
1.265
0.00020226252
1
1.28
0.00010466861
1
1.295
5.4180707e-05
1
1.31
2.8059063e-05
1
1.325
1.4539154e-05
1
1.34
7.5380713e-06
1
1.355
3.9105995e-06
1
1.37
2.0299698e-06
1
1.385
1.0543796e-06
1
1.4
5.4797657e-07
1
1.415
2.8495757e-07
1
1.43
1.482678e-07
1
1.445
7.7189296e-08
1
1.46
4.0207401e-08
1
1.475
2.0955054e-08
1
1.49
1.0926995e-08
1
1.505
5.700819e-09
1
1.52
2.975732e-09
1
1.535
1.554054e-09
1
1.55
8.11989e-10
1
1.565
4.24464e-10
1
1.58
2.21991e-10
1
1.595
1.16153e-10
1
1.61
6.0802e-11
1
1.625
3.1842e-11
1
1.64
1.6683e-11
1
1.655
8.744e-12
1
1.67
4.585e-12
1
1.685
2.405e-12
1
1.7
1.262e-12
1
1.715
6.63e-13
1
1.73
3.48e-13
1
1.745
1.83e-13
1
1.76
9.6e-14
1
1.775
5.1e-14
1
1.79
2.7e-14
1
1.805
1.4e-14
1
1.82
7e-15
1
1.835
4e-15
1
1.85
2e-15
1
1.865
1e-15
1
1.88
1e-15
1
1.895
0
1
1.91
0
1
1.925
0
1
1.94
0
1
1.955
0
1
1.97
0
1
1.985
0
1
2
0
1
2.015
0
1
2.03
0
1
2.045
0
1
2.06
0
1
2.075
0
1
2.09
0
1
2.105
0
1
2.12
0
1
2.135
0
1
2.15
0
1
2.165
0
1
2.18
0
1
2.195
0
1
2.21
0
1
2.225
0
1
2.24
0
1
2.255
0
1
2.27
0
1
2.285
0
1
2.3
0
1
2.315
0
1
2.33
0
1
2.345
0
1
2.36
0
1
2.375
0
1
2.39
0
1
2.405
0
1
2.42
0
1
2.435
0
1
2.45
0
1
2.465
0
1
2.48
0
1
2.495
0
1
2.51
0
1
2.525
0
1
2.54
0
1
2.555
0
1
2.57
0
1
2.585
0
1
2.6
0
1
2.615
0
1
2.63
0
1
2.645
0
1
2.66
0
1
2.675
0
1
2.69
0
1
2.705
0
1
2.72
0
1
2.735
0
1
2.75
0
1
2.765
0
1
2.78
0
1
2.795
0
1
2.81
0
1
2.825
0
1
2.84
0
1
2.855
0
1
2.87
0
1
2.885
0
1
2.9
0
1
2.915
0
1
2.93
0
1
2.945
0
1
2.96
0
1
2.975
0
1
2.99
0
1
3.005
0
1
3.02
0
1
3.035
0
1
3.05
0
1
3.065
0
1
3.08
0
1
3.095
0
1
3.11
0
1
3.125
0
1
3.14
0
1
3.155
0
1
3.17
0
1
3.185
0
1
3.2
0
1
3.215
0
1
3.23
0
1
3.245
0
1
3.26
0
1
3.275
0
1
3.29
0
1
3.305
0
1
3.32
0
1
3.335
0
1
3.35
0
1
3.365
0
1
3.38
0
1
3.395
0
1
3.41
0
1
3.425
0
1
3.44
0
1
3.455
0
1
3.47
0
1
3.485
0
1
3.5
0
1
3.515
0
1
3.53
0
1
3.545
0
1
3.56
0
0
3.575
0
0
3.59
1
