-1
0.410000000000000
205.416378554966172
1
0.440000000000000
136.275330160432020
1
0.470000000000000
92.819453479535525
1
0.500000000000000
64.701907746289805
1
0.530000000000000
46.036817189748263
1
0.560000000000000
33.361315708964426
1
0.590000000000000
24.576377876804273
1
0.620000000000000
18.375338446409444
1
0.649999999999999
13.925096334616299
1
0.680000000000000
10.682885878519478
1
0.710000000000000
8.288092639090628
1
0.740000000000000
6.496800865502205
1
0.770000000000000
5.141304814055157
1
0.800000000000000
4.104548775594420
1
0.830000000000000
3.303687739295292
1
0.859999999999999
2.679330944960514
1
0.890000000000000
2.188391151031386
1
0.920000000000000
1.799260409919894
1
0.950000000000000
1.488510542594907
1
0.980000000000000
1.238607435749611
1
1.010000000000000
1.036308646779187
1
1.040000000000000
0.871527418205471
1
1.070000000000000
0.736518851396092
1
1.100000000000000
0.625291096477662
1
1.130000000000000
0.533175364681970
1
1.160000000000000
0.456509155865558
1
1.190000000000000
0.392400947772614
1
1.220000000000000
0.338554019675444
1
1.250000000000000
0.293133563461306
1
1.280000000000000
0.254665734608712
1
1.310000000000000
0.221960448716233
1
1.340000000000000
0.194051958740393
1
1.370000000000000
0.170152837818389
1
1.399999999999999
0.149618135220616
1
1.430000000000000
0.131917300625819
1
1.460000000000000
0.116612075780198
1
1.490000000000000
0.103338996282747
1
1.520000000000000
0.091795474408888
1
1.550000000000000
0.081728678172268
1
1.580000000000000
0.072926604788384
1
1.609999999999999
0.065210884545057
1
1.640000000000000
0.058430955519162
1
1.670000000000000
0.052459329132836
1
1.700000000000000
0.047187727459493
1
1.730000000000000
0.042523920071097
1
1.760000000000000
0.038389124471670
1
1.790000000000000
0.034715862328063
1
1.820000000000000
0.031446185690002
1
1.850000000000000
0.028530204620061
1
1.880000000000000
0.025924861214539
1
1.910000000000000
0.023592905712428
1
1.940000000000000
0.021502038891400
1
1.970000000000000
0.019624191720241
1
2.000000000000000
0.017934918648590
1
2.030000000000000
0.016412885255368
1
2.060000000000000
0.015039434470870
1
2.090000000000000
0.013798218408657
1
2.120000000000000
0.012674885128985
1
2.149999999999999
0.011656811512943
1
2.180000000000000
0.010732874940596
1
2.210000000000000
0.009893257704341
1
2.240000000000000
0.009129279103601
1
2.270000000000000
0.008433251001477
1
2.300000000000000
0.007798353311967
1
2.330000000000000
0.007218526454991
1
2.359999999999999
0.006688378287756
1
2.390000000000000
0.006203103412476
1
2.420000000000000
0.005758413086563
1
2.450000000000000
0.005350474233524
1
2.480000000000000
0.004975856280593
1
2.510000000000000
0.004631484740054
1
2.540000000000000
0.004314600611719
1
2.569999999999999
0.004022724819223
1
2.600000000000000
0.003753627006823
1
2.630000000000000
0.003505298119933
1
2.660000000000000
0.003275926274317
1
2.690000000000000
0.003063875488324
1
2.720000000000000
0.002867666911537
1
2.750000000000000
0.002685962233579
1
2.779999999999999
0.002517548999730
1
2.810000000000000
0.002361327596762
1
2.840000000000000
0.002216299703896
1
2.870000000000000
0.002081558030755
1
2.899999999999999
0.001956277187448
1
2.930000000000000
0.001839705551883
1
2.960000000000000
0.001731158016675
1
2.990000000000000
0.001630009512880
1
3.020000000000000
0.001535689220710
1
3.050000000000000
0.001447675388515
1
3.080000000000000
0.001365490691041
1
3.110000000000000
0.001288698066410
1
3.140000000000000
0.001216896978619
1
3.170000000000000
0.001149720058822
1
3.200000000000000
0.001086830084342
1
3.230000000000000
0.001027917259421
1
3.260000000000000
0.000972696766325
1
3.290000000000000
0.000920906559704
1
3.320000000000000
0.000872305381293
1
3.350000000000000
0.000826670976479
1
3.380000000000000
0.000783798499301
1
3.410000000000000
0.000743499098891
1
3.440000000000000
0.000705598689244
1
3.470000000000000
0.000669936917413
1
3.500000000000000
0.000636366365674
1
3.530000000000000
0.000604752055825
1
3.560000000000000
0.000574971376661
1
3.590000000000000
0.000546914642029
1
3.620000000000000
0.000520486628686
1
3.650000000000000
0.000495609676275
1
3.680000000000000
0.000472229314791
1
3.710000000000000
0.000450324012505
1
3.740000000000000
0.000429921659463
1
3.770000000000000
0.000411127047710
1
3.800000000000000
0.000394167205286
1
3.830000000000000
0.000379465375983
1
3.860000000000000
0.000367759937243
1
3.890000000000000
0.000360290849328
1
3.920000000000000
0.000359079056485
1
3.950000000000000
0.000367309072911
1
3.980000000000000
0.000389751335334
1
4.010000000000000
0.000432935725363
1
4.039999999999999
0.000504259327159
1
4.070000000000000
0.000608362464805
1
4.100000000000000
0.000738906872866
1
4.130000000000000
0.000867692159718
1
4.160000000000000
0.000943657039873
1
4.190000000000000
0.000918801222496
1
4.220000000000000
0.000788852554803
1
4.250000000000000
0.000600757567639
1
4.279999999999999
0.000414369595383
1
4.310000000000000
0.000265666499573
1
4.340000000000000
0.000162087230897
1
4.369999999999999
0.000095802813425
1
4.400000000000000
0.000055530082847
1
4.430000000000000
0.000031812602718
1
4.460000000000000
0.000018100373058
1
4.490000000000000
0.000010257845437
1
4.520000000000000
0.000005800362235
1
4.550000000000000
0.000003275865642
1
4.580000000000000
0.000001848960670
1
4.609999999999999
0.000001043303619
1
4.640000000000000
0.000000588657673
1
4.670000000000000
0.000000332150262
1
4.699999999999999
0.000000187436919
1
4.730000000000000
0.000000105789093
1
4.760000000000000
0.000000059717416
1
4.789999999999999
0.000000033716334
1
4.820000000000000
0.000000019039753
1
4.850000000000000
0.000000010753872
1
4.880000000000000
0.000000006075067
1
4.910000000000000
0.000000003432572
1
4.940000000000000
0.000000001939858
1
4.970000000000000
0.000000001096482
1
5.000000000000000
0.000000000619887
1
5.029999999999999
0.000000000350512
1
5.060000000000000
0.000000000198231
1
5.090000000000000
0.000000000112129
1
5.119999999999999
0.000000000063437
1
5.149999999999999
0.000000000035896
1
5.180000000000000
0.000000000020315
1
5.210000000000000
0.000000000011499
1
5.240000000000000
0.000000000006510
1
5.270000000000000
0.000000000003686
1
5.300000000000000
0.000000000002088
1
5.330000000000000
0.000000000001182
1
5.359999999999999
0.000000000000670
1
5.390000000000000
0.000000000000380
1
5.420000000000000
0.000000000000215
1
5.449999999999999
0.000000000000122
1
5.480000000000000
0.000000000000069
1
5.510000000000000
0.000000000000039
1
5.539999999999999
0.000000000000022
1
5.569999999999999
0.000000000000013
1
5.600000000000000
0.000000000000007
1
5.630000000000000
0.000000000000004
1
5.660000000000000
0.000000000000002
1
5.690000000000000
0.000000000000001
1
5.720000000000000
0.000000000000001
1
5.750000000000000
0.000000000000000
1
5.779999999999999
0.000000000000000
1
5.810000000000000
0.000000000000000
1
5.840000000000000
0.000000000000000
1
5.869999999999999
0.000000000000000
1
5.899999999999999
0.000000000000000
1
5.930000000000000
0.000000000000000
1
5.960000000000000
0.000000000000000
1
5.990000000000000
0.000000000000000
1
6.020000000000000
0.000000000000000
1
6.050000000000000
0.000000000000000
1
6.080000000000000
0.000000000000000
1
6.109999999999999
0.000000000000000
1
6.140000000000000
0.000000000000000
1
6.170000000000000
0.000000000000000
1
6.199999999999999
0.000000000000000
1
6.230000000000000
0.000000000000000
1
6.260000000000000
0.000000000000000
1
6.290000000000000
0.000000000000000
1
6.319999999999999
0.000000000000000
1
6.350000000000000
0.000000000000000
1
6.380000000000000
0.000000000000000
1
6.410000000000000
0.000000000000000
1
6.440000000000000
0.000000000000000
1
6.470000000000000
0.000000000000000
1
6.500000000000000
0.000000000000000
1
6.529999999999999
0.000000000000000
1
6.560000000000000
0.000000000000000
1
6.590000000000000
0.000000000000000
1
6.619999999999999
0.000000000000000
1
6.649999999999999
0.000000000000000
1
6.680000000000000
0.000000000000000
1
6.710000000000000
0.000000000000000
1
6.739999999999999
0.000000000000000
1
6.770000000000000
0.000000000000000
1
6.800000000000000
0.000000000000000
1
6.830000000000000
0.000000000000000
1
6.859999999999999
0.000000000000000
1
6.890000000000000
0.000000000000000
1
6.920000000000000
0.000000000000000
1
6.949999999999999
0.000000000000000
1
6.980000000000000
0.000000000000000
1
7.010000000000000
0.000000000000000
1
7.040000000000000
0.000000000000000
0
7.069999999999999
0.000000000000000
0
7.100000000000000
