-1
0.200000000000000
948.254273905902664
1
0.215000000000000
623.068428286949029
1
0.230000000000000
420.834681921904348
1
0.245000000000000
291.189258563687758
1
0.260000000000000
205.829922509004632
1
0.275000000000000
148.283707028430570
1
0.290000000000000
108.660493265689809
1
0.305000000000000
80.856010641506998
1
0.320000000000000
61.008151465596910
1
0.335000000000000
46.618213959530010
1
0.350000000000000
36.036535788352211
1
0.365000000000000
28.153737224069886
1
0.380000000000000
22.211091530407657
1
0.395000000000000
17.681598634710738
1
0.410000000000000
14.193956435502116
1
0.425000000000000
11.483090883987870
1
0.440000000000000
9.357438310478074
1
0.455000000000000
7.676977959863933
1
0.470000000000000
6.338274166928173
1
0.485000000000000
5.264157518725959
1
0.500000000000000
4.396518900397471
1
0.515000000000000
3.691219569677820
1
0.530000000000000
3.114457171919476
1
0.545000000000000
2.640144981358144
1
0.560000000000000
2.248003857957402
1
0.575000000000000
1.922160617432578
1
0.590000000000000
1.650109669363445
1
0.605000000000000
1.421937595982641
1
0.620000000000000
1.229739681527983
1
0.635000000000000
1.067177705462148
1
0.650000000000000
0.929142498347284
1
0.665000000000000
0.811494760002515
1
0.680000000000000
0.710864750967056
1
0.695000000000000
0.624496566560530
1
0.710000000000000
0.550126386514257
1
0.725000000000000
0.485886774766607
1
0.740000000000000
0.430231070380230
1
0.755000000000000
0.381873362804660
1
0.770000000000000
0.339740625214936
1
0.785000000000000
0.302934390187682
1
0.800000000000000
0.270699966304334
1
0.815000000000000
0.242401667055008
1
0.830000000000000
0.217502896753095
1
0.845000000000000
0.195550246853869
1
0.860000000000000
0.176161032395745
1
0.875000000000000
0.159013977129350
1
0.890000000000000
0.143843080702169
1
0.905000000000000
0.130435130569965
1
0.920000000000000
0.118631932267646
1
0.935000000000000
0.108339205011101
1
0.950000000000000
0.099545223077399
1
0.965000000000000
0.092353270812556
1
0.980000000000000
0.087031001923977
1
0.995000000000000
0.084070870286086
1
1.010000000000000
0.084222834566964
1
1.025000000000000
0.088371513289170
1
1.040000000000000
0.096965982012065
1
1.055000000000000
0.108651681731185
1
1.070000000000000
0.118556777752696
1
1.085000000000000
0.118930109943204
1
1.100000000000000
0.104847755539573
1
1.115000000000000
0.079977432296474
1
1.130000000000000
0.053557068797275
1
1.145000000000000
0.032478801568406
1
1.160000000000000
0.018424477359738
1
1.175000000000000
0.010029672541072
1
1.190000000000000
0.005330264996901
1
1.205000000000000
0.002795043205325
1
1.220000000000000
0.001455132403046
1
1.235000000000000
0.000754783665804
1
1.250000000000000
0.000390843673236
1
1.265000000000000
0.000202262515772
1
1.280000000000000
0.000104668609128
1
1.295000000000000
0.000054180707176
1
1.310000000000000
0.000028059062519
1
1.325000000000000
0.000014539154321
1
1.340000000000000
0.000007538071263
1
1.355000000000000
0.000003910599520
1
1.370000000000000
0.000002029969824
1
1.385000000000000
0.000001054379593
1
1.400000000000000
0.000000547976573
1
1.415000000000000
0.000000284957569
1
1.430000000000000
0.000000148267804
1
1.445000000000000
0.000000077189296
1
1.460000000000000
0.000000040207401
1
1.475000000000000
0.000000020955054
1
1.490000000000000
0.000000010926995
1
1.505000000000000
0.000000005700819
1
1.520000000000000
0.000000002975732
1
1.535000000000000
0.000000001554054
1
1.550000000000000
0.000000000811989
1
1.565000000000000
0.000000000424464
1
1.580000000000000
0.000000000221991
1
1.595000000000000
0.000000000116153
1
1.610000000000000
0.000000000060802
1
1.625000000000000
0.000000000031842
1
1.640000000000000
0.000000000016683
1
1.655000000000000
0.000000000008744
1
1.670000000000000
0.000000000004585
1
1.685000000000000
0.000000000002405
1
1.700000000000000
0.000000000001262
1
1.715000000000000
0.000000000000663
1
1.730000000000000
0.000000000000348
1
1.745000000000000
0.000000000000183
1
1.760000000000000
0.000000000000096
1
1.775000000000000
0.000000000000051
1
1.790000000000000
0.000000000000027
1
1.805000000000000
0.000000000000014
1
1.820000000000000
0.000000000000007
1
1.835000000000000
0.000000000000004
1
1.850000000000000
0.000000000000002
1
1.865000000000000
0.000000000000001
1
1.880000000000000
0.000000000000001
1
1.895000000000000
0.000000000000000
1
1.910000000000000
0.000000000000000
1
1.925000000000000
0.000000000000000
1
1.940000000000000
0.000000000000000
1
1.955000000000000
0.000000000000000
1
1.970000000000000
0.000000000000000
1
1.985000000000000
0.000000000000000
1
2.000000000000000
0.000000000000000
1
2.015000000000000
0.000000000000000
1
2.030000000000000
0.000000000000000
1
2.044999999999999
0.000000000000000
1
2.060000000000000
0.000000000000000
1
2.075000000000000
0.000000000000000
1
2.090000000000000
0.000000000000000
1
2.105000000000000
0.000000000000000
1
2.120000000000000
0.000000000000000
1
2.135000000000000
0.000000000000000
1
2.149999999999999
0.000000000000000
1
2.165000000000000
0.000000000000000
1
2.180000000000000
0.000000000000000
1
2.194999999999999
0.000000000000000
1
2.210000000000000
0.000000000000000
1
2.225000000000000
0.000000000000000
1
2.240000000000000
0.000000000000000
1
2.254999999999999
0.000000000000000
1
2.270000000000000
0.000000000000000
1
2.285000000000000
0.000000000000000
1
2.300000000000000
0.000000000000000
0
2.315000000000000
0.000000000000000
0
2.330000000000000
